0.0 1.097748608087136 0.8684135943119491 1.1090511318726557 0.6090353522466151 0.9807268199553069 0.5696860841705871 1.0314790700876864 0.4408669195621438 0.8717659837596721 0.9243568959325568 0.5284592690541818 0.8389138226283654 0.6668968703703324 1.0944402709234171 0.7277461501301344 0.7523511216936496 0.5028682918034373 0.4148376242921713 1.1395409215082417 0.8905647351760777 0.62995828323465 0.9380609177033511 0.5597870542006332 1.017728668413096 0.6317035124635464 0.9508727454625251 1.0823965229954684 0.6423970179260936 0.8929558905510087 0.77492618426955 0.6097033425896123 0.7546156165869443 0.7490734265286997 0.597557276842057 0.9888980003328042 0.9313042094770617 0.8462068266674136 0.6760226555578849 0.6208810913454625
1.097748608087136 0.0 0.7176822604438214 0.9706766561975734 0.7926487204546183 0.7160000313233087 0.793606222436237 0.9941230847628758 1.2099312766349337 0.7739775555786276 0.34441580348486983 0.6717499485110512 0.9962910420933734 1.20591016245332 0.5466610719008824 0.9596122904149799 0.41964029092208327 1.2855150219183071 0.9472425717863495 1.0190390485720824 1.1987345760570696 0.7455519085214815 0.8135181116108519 1.084834877629188 0.8855955511990541 0.6632338567389604 0.842544541936148 0.7497809739704004 1.163988205940085 1.1061461966668502 1.2693996242453929 0.810061357547241 0.8318717180764998 1.054528446053828 0.7316763033268813 1.0825571208717248 0.6834053179644334 1.0683760626111647 1.1667155814376848 0.8273034131472017
0.8684135943119491 0.7176822604438214 0.0 0.9715211196728566 0.8669274710562612 0.8725893513557356 0.5164262265745679 1.1922078641393927 1.1245247929182625 1.0870022751382287 0.52792116466396 0.6374797735033103 1.1023866937930675 0.696406216397298 0.9701070769611109 1.124690829315804 0.41530012869152033 1.2307481863542564 0.9461859165173885 1.1289347425697256 0.9967909353902117 0.9186680649049733 0.4616932210617513 0.9147690221259459 0.9099125569819105 0.7929772471115868 0.7087202410904139 1.1239776849160938 0.7093770645196292 1.1219279142761285 0.951701008962397 0.9306017211828563 1.0529225827838817 1.2797474528391841 0.35282615503973314 1.0067639370313146 1.0562772457579248 1.344579192102259 1.310364849117625 0.336807033411226
1.1090511318726557 0.9706766561975734 0.9715211196728566 0.0 0.6714063104783308 0.31561065329621957 0.7612919650086359 0.5162711109491774 1.4616289622031773 0.7810795242055205 1.0645952418693296 0.8136132112739177 1.0262095636179707 1.0934839729977126 0.7697604823306861 0.8055777472471098 0.8932378970399575 1.2341614921144264 1.273143880250864 0.24213715650167225 0.45432727760355884 0.8893671053753784 0.5959350511547243 0.7551978366145332 0.4152072265412138 0.9719858735389144 0.6217713624489338 0.628370103925492 1.0206656799654221 0.7958180204711847 0.7014751373617125 1.129186851676411 0.9096596931526345 1.0593649217047838 0.9968632931727982 0.36297255734782546 0.7845691512928078 1.07012677837054 1.09502933033319 0.7920495062560181
0.6090353522466151 0.7926487204546183 0.8669274710562612 0.6714063104783308 0.0 0.5179195190690495 0.44107968081298615 0.5976829758285725 0.8884719747552104 0.5179078649130239 0.7577342709721347 0.296428206778489 0.8351905326960759 0.9827297911897107 0.5525880058429895 0.48278596392204426 0.5887667772186168 0.6250483939115665 0.6640553417969144 0.6763185064569311 0.6197425037831045 0.4984178304323515 0.7863049185069207 0.6047597000188528 0.5060286462245261 0.3846532294396306 0.8099015351480848 0.4932714002099009 0.9212728991644247 0.7984519593659755 0.6609883373463575 0.6990992571969945 0.3058866824073287 0.5754336768929231 0.7386662569392928 0.7156161130077139 0.5609391551249076 0.5949878756038524 0.5793493871945573 0.6481997117164829
0.9807268199553069 0.7160000313233087 0.8725893513557356 0.31561065329621957 0.5179195190690495 0.0 0.6867247308338158 0.38322921655247477 1.2661307967150943 0.5052952552700553 0.8530363711379271 0.6497904648329533 0.7951853768205477 1.0392116974633767 0.5828798121751859 0.5960011396712702 0.6963468197206046 1.1248867034722745 1.0621051811374929 0.3111955065746166 0.6248081120856601 0.6244384169028583 0.580196320915751 0.6675270389889795 0.47839629094121816 0.7775181283986992 0.5147337173175693 0.4390071693618849 0.9589938657934515 0.6553093750513008 0.822835047212819 0.866633964289707 0.7350067606794449 0.840631684986033 0.8353830785551127 0.42647486631514303 0.4866240015546497 0.8538537550171932 0.914835205095271 0.7242818238167242
0.5696860841705871 0.793606222436237 0.5164262265745679 0.7612919650086359 0.44107968081298615 0.6867247308338158 0.0 0.9213038977486728 0.923536716704478 0.857838167175008 0.6157018722858796 0.25797995182393085 1.014609408076747 0.7553021192869211 0.7360707808607815 0.8301092470543309 0.41933621599845816 0.7833479086449538 0.7122310585034815 0.8882391938052147 0.6420353527903948 0.7271042380951546 0.5743226787607565 0.6854019401371375 0.5725609271234107 0.46436524575302307 0.7704885116042332 0.8282067366897379 0.7352427004071762 0.9797329055210731 0.5595789757354773 0.8262345089637221 0.6401292052676046 0.9498615040994578 0.4969054328810086 0.8215828242484543 0.8702871818049812 0.9989063896824399 0.9360144175348633 0.3073576648478042
1.0314790700876864 0.9941230847628758 1.1922078641393927 0.5162711109491774 0.5976829758285725 0.38322921655247477 0.9213038977486728 0.0 1.2757780144215018 0.40501049004476414 1.1388316317832061 0.836991725180223 0.7196311834360843 1.1852556701360006 0.7851518364803639 0.4191607990388442 0.9798086550548898 1.0865195475358418 1.1214218537714582 0.3126954061362344 0.7028519660482669 0.6244319496228873 0.8948870854854464 0.6516183999891919 0.7020532808185197 0.9289739478462737 0.7222153141984675 0.48397120389502213 1.0889819235472151 0.5305875215577825 0.924995532852967 0.8935478817624531 0.7727545702300233 0.666228239451712 1.0667763154851977 0.45633638730027887 0.45279601009966364 0.6646246449796452 0.7379739226221764 0.9826873648143677
0.440866919562144 1.2099312766349337 1.1245247929182625 1.4616289622031773 0.8884719747552104 1.2661307967150943 0.923536716704478 1.2757780144215018 0.0 0.9983706735702456 1.0423525972918222 0.7939023994948168 0.9038034828447269 0.9569139567351005 1.2837096830376007 0.8868549715661491 0.9443393032369614 0.6408156573262718 0.3075920866699221 1.453388404698076 1.3040576228410516 0.7310135732038768 1.2759301608769373 0.8781537072308438 1.362343964015784 0.7828331180781818 1.2289655883777029 1.289450958948843 0.9390315425110041 1.0974586217127271 1.2087336715201968 0.5686059279109847 0.9163091071401508 0.7826786924896779 0.8095869185187403 1.3297483513327752 1.0489501845479758 0.8810614561521014 0.7338920293149758 0.969548566109393
0.8717659837596721 0.7739775555786276 1.0870022751382287 0.7810795242055205 0.5179078649130239 0.5052952552700553 0.857838167175008 0.40501049004476414 0.9983706735702456 0.0 0.9131047563514889 0.68287300876336 0.5097537037431477 1.1305064724388534 0.6912928953446666 0.25508295476911574 0.7904857398176339 0.9537661367383959 0.829835043163936 0.6554469440316327 0.9245875698271688 0.30467910386241803 0.9343983275276351 0.6583481643684355 0.8371514734429966 0.7115889600505373 0.7490065472360049 0.489483914889475 1.0411901304674922 0.5569563320922393 1.0646116855945367 0.5560494183149512 0.6147934926345711 0.41508489034482754 0.8931590576374472 0.7147414952445309 0.1164937741490758 0.43273128486015766 0.5559650852277983 0.9264593091325032
0.9243568959325568 0.34441580348486983 0.52792116466396 1.0645952418693296 0.7577342709721347 0.8530363711379271 0.6157018722858796 1.1388316317832061 1.0423525972918222 0.9131047563514889 0.0 0.5245264484471645 1.0813160663621213 1.0703575305249118 0.6571181603375698 1.0283559657454122 0.22434656573946332 1.1372883246149077 0.7751679548947124 1.1547492296887722 1.169967519886648 0.7885305126519888 0.7948112620734129 1.0618736859568756 0.8986098286166656 0.5168549226542338 0.9178946929849736 0.9006380662482283 1.0538026225713468 1.1971646881244984 1.1617984685795715 0.7951594976100004 0.7952701530520538 1.0926000417153685 0.5593853098652144 1.161881866499844 0.855989890343355 1.1243229905699224 1.162194997147474 0.6691095664636808
0.5284592690541818 0.6717499485110512 0.6374797735033103 0.8136132112739177 0.296428206778489 0.6497904648329533 0.25797995182393085 0.836991725180223 0.7939023994948168 0.68287300876336 0.5245264484471645 0.0 0.8994031767581739 0.8721790342033741 0.5963163881760436 0.6810857846870676 0.35158788368343497 0.6741746697637744 0.5360280475242012 0.8800653933243262 0.7586267715123983 0.5522343227326293 0.7108943419369287 0.6883793025299314 0.6137914354848166 0.22914929290421585 0.8104760472052323 0.6877586678185551 0.835638824155126 0.9280052375872871 0.723695560913114 0.6548021038466267 0.4317472332420185 0.7496862498386166 0.5253443065310323 0.8639000483082521 0.693626459785296 0.7905034951328525 0.7578972572562053 0.4790571147158963
0.8389138226283654 0.9962910420933734 1.1023866937930675 1.0262095636179707 0.8351905326960759 0.7951853768205477 1.014609408076747 0.7196311834360843 0.9038034828447269 0.5097537037431477 1.0813160663621213 0.8994031767581739 0.0 0.9044484312713547 1.1255426003072253 0.4767966564402 0.9413277441837972 1.1123805838746352 0.8727559699176282 0.9331672174656815 1.0984517666009144 0.38958502852329613 0.9616817275957866 0.5532825800946712 1.1815799846944093 0.9847828879527518 0.6689240680304287 0.9755847218647916 0.8108244919857446 0.35715886459886653 1.2003035106348925 0.4365829268398197 1.00413016266442 0.6406907159257825 0.8216607474068881 0.7907814853603056 0.5425088505228957 0.738002316634729 0.733938373315573 0.9414548510028721
0.6668968703703326 1.20591016245332 0.696406216397298 1.0934839729977126 0.9827297911897107 1.0392116974633767 0.7553021192869211 1.1852556701360006 0.9569139567351005 1.1305064724388534 1.0703575305249118 0.8721790342033741 0.9044484312713549 0.0 1.368907341781288 1.0318804739165972 0.8836588850374547 1.1445369914830856 0.9631620170483833 1.1869954514402152 0.9421043442718202 0.9042731919143993 0.673526338892481 0.5969907344269403 1.1757350237844832 1.0689186189806479 0.6932252836728279 1.3592345088934348 0.1068467027249623 0.8678893891594148 0.8688145010952429 0.881631252715434 1.2407297679957534 1.2081902366397788 0.5207296342287976 0.8998890083198058 1.157799680631725 1.3153462945164351 1.1866880128354533 0.5064779206804594
1.094440270923417 0.5466610719008824 0.9701070769611109 0.7697604823306861 0.5525880058429895 0.5828798121751859 0.7360707808607815 0.7851518364803639 1.2837096830376005 0.6912928953446666 0.6571181603375698 0.5963163881760436 1.1255426003072253 1.368907341781288 0.0 0.843010460260232 0.6275377990077999 1.081808354634937 0.9956641487486502 0.7893331720896009 0.9657912598693786 0.7950186980399259 0.9328806166592425 1.0679401456197852 0.5383826535308153 0.5506722532349017 0.9960685922981646 0.3472336776026765 1.3139818347563252 1.1293106522666296 1.0619741955686754 0.9781190633429725 0.504877302733741 0.9093306393460315 0.9805722695299302 0.9858152152986437 0.643267365437881 0.8720063842306451 0.990270808129458 0.9273203277566462
0.7277461501301344 0.9596122904149799 1.124690829315804 0.8055777472471098 0.48278596392204426 0.5960011396712702 0.8301092470543309 0.4191607990388442 0.8868549715661491 0.25508295476911574 1.0283559657454122 0.6810857846870676 0.4767966564402 1.0318804739165972 0.843010460260232 0.0 0.8699108527722077 0.7992730258934494 0.7722006757173707 0.6815330098021468 0.826290366955576 0.3124301958254925 0.9585692641136233 0.49461148408390376 0.8658056901131369 0.7406300609541598 0.7770410172701515 0.6261624686824935 0.9401624086447837 0.46563939064300025 0.942006409008801 0.5515495210141997 0.6247755907346971 0.301350244568012 0.8932268137724347 0.6652832876874877 0.36754011851121293 0.3658069193482313 0.38049496668866695 0.8989425868380311
0.7523511216936496 0.41964029092208327 0.41530012869152033 0.8932378970399575 0.5887667772186168 0.6963468197206046 0.41933621599845816 0.9798086550548898 0.9443393032369614 0.7904857398176339 0.22434656573946332 0.35158788368343497 0.9413277441837972 0.8836588850374547 0.6275377990077999 0.8699108527722077 0.0 1.0013266812689108 0.6898477826989072 0.9891580856742139 0.9628574180423273 0.6495131119026428 0.6171777297076768 0.8500984275581502 0.7530795084560717 0.43281665166605177 0.7440008499386616 0.8078422716846339 0.8594633261308571 1.016920722487963 0.9552581921080302 0.6914096961233948 0.6993106982262641 0.9698543478964196 0.40079389523915404 0.9630046267426728 0.7517929882802176 1.0137769062391473 1.0240423678011945 0.46453456798992676
0.5028682918034373 1.2855150219183071 1.2307481863542564 1.2341614921144264 0.6250483939115665 1.1248867034722745 0.7833479086449538 1.0865195475358418 0.640815657326272 0.9537661367383959 1.1372883246149077 0.6741746697637744 1.1123805838746352 1.1445369914830856 1.081808354634937 0.7992730258934494 1.0013266812689108 0.0 0.5653637929598803 1.2234279868228635 0.9833955287280577 0.8295491413117906 1.2712198364492477 0.8597296649809182 1.0391018782687884 0.6560225029086859 1.295751151982265 1.0420790398574633 1.1113489223867787 1.141326919212101 0.8715315823076294 0.8816110978354991 0.5981076018261939 0.6842739544238553 1.0210427033945544 1.1894534222557709 1.032269556851738 0.7227081263519964 0.5475485153072828 0.9869290374578846
0.4148376242921713 0.9472425717863495 0.9461859165173885 1.273143880250864 0.6640553417969144 1.0621051811374929 0.7122310585034815 1.1214218537714582 0.3075920866699221 0.829835043163936 0.7751679548947124 0.5360280475242012 0.8727559699176282 0.9631620170483833 0.9956641487486502 0.7722006757173707 0.6898477826989072 0.5653637929598803 0.0 1.278039219120023 1.1647059604053345 0.5852854984763656 1.1136978584199153 0.8333464306366534 1.1261136589840928 0.48515977066697813 1.10581790926345 1.0447800140698673 0.9379993165616379 1.0502407351397158 1.0880655498268366 0.47957600329738614 0.6584670730542118 0.6795654633003557 0.6729285314998891 1.2085818733946871 0.8630685589196 0.7552512154317135 0.6637425437756382 0.8169701660678623
1.1395409215082417 1.0190390485720824 1.1289347425697256 0.24213715650167225 0.6763185064569311 0.3111955065746166 0.8882391938052147 0.3126954061362344 1.453388404698076 0.6554469440316327 1.1547492296887722 0.8800653933243262 0.9331672174656815 1.1869954514402152 0.7893331720896009 0.6815330098021468 0.9891580856742139 1.2234279868228635 1.278039219120023 0.0 0.5600081096945202 0.8275504396460319 0.7654407560689114 0.7419510831987238 0.5456319824898143 1.0098417857833648 0.6791000699388521 0.5486922264304516 1.100216281372981 0.6915901941039717 0.8238567714527275 1.0889769089615122 0.888624081600531 0.9372086005751677 1.0917730805643917 0.3487526023610249 0.6713174762240322 0.9367721025506235 0.9870125490066523 0.9338927623792899
0.8905647351760777 1.1987345760570696 0.9967909353902117 0.454327277603559 0.6197425037831045 0.6248081120856601 0.6420353527903948 0.7028519660482669 1.3040576228410516 0.9245875698271688 1.169967519886648 0.7586267715123983 1.0984517666009144 0.9421043442718202 0.9657912598693785 0.826290366955576 0.9628574180423273 0.9833955287280577 1.1647059604053345 0.5600081096945202 0.0 0.9392301811292898 0.7001065249664855 0.6269613984736971 0.4994554708415013 0.9434848152161603 0.7918517804357511 0.8438233507168548 0.8847653943444228 0.8579608682280114 0.28256404027484755 1.1466017878929107 0.8822047128063757 1.0372999406221832 0.9751145688996664 0.48154590927572255 0.974036943141339 1.068573944218092 0.9971459288299291 0.7113855050654264
0.62995828323465 0.7455519085214815 0.9186680649049733 0.8893671053753784 0.4984178304323515 0.6244384169028583 0.7271042380951546 0.6244319496228873 0.7310135732038768 0.30467910386241803 0.7885305126519888 0.5522343227326293 0.38958502852329613 0.9042731919143993 0.7950186980399259 0.3124301958254925 0.6495131119026428 0.8295491413117906 0.5852854984763656 0.8275504396460319 0.9392301811292898 0.0 0.8552794383703654 0.5295668233114488 0.9119982991639302 0.6033925527617917 0.6910123738900434 0.6990904870781381 0.8246226026862143 0.5460372555701434 1.0099926667905135 0.27369279086729326 0.6300258694450819 0.4254379056382316 0.6569543386273261 0.7727465740764929 0.3411750796169102 0.5097328276604469 0.5258803575939004 0.7557515860009729
0.9380609177033511 0.8135181116108519 0.4616932210617513 0.5959350511547244 0.7863049185069207 0.580196320915751 0.5743226787607565 0.8948870854854464 1.2759301608769373 0.9343983275276351 0.7948112620734129 0.7108943419369287 0.9616817275957866 0.673526338892481 0.9328806166592425 0.9585692641136233 0.6171777297076768 1.2712198364492477 1.1136978584199153 0.7654407560689114 0.7001065249664855 0.8552794383703654 0.0 0.7045287053795193 0.7142569627856963 0.9160509117784186 0.3694004397231087 0.9609390679261282 0.6353502146984055 0.8463383699225878 0.7676214552471169 0.972740902845677 1.0517860238832304 1.198716013137589 0.5616049763519466 0.6057389154543448 0.9147520985512763 1.2578944691817229 1.2342632941278069 0.37969941063796675
0.5597870542006332 1.084834877629188 0.9147690221259459 0.7551978366145331 0.6047597000188528 0.6675270389889795 0.6854019401371375 0.6516183999891919 0.8781537072308438 0.6583481643684355 1.0618736859568756 0.6883793025299314 0.5532825800946712 0.5969907344269403 1.0679401456197852 0.49461148408390376 0.8500984275581502 0.8597296649809182 0.8333464306366534 0.7419510831987238 0.6269613984736971 0.5295668233114488 0.7045287053795193 0.0 0.8827899819869439 0.8638964434224802 0.5633971756542946 0.9272152682964168 0.5010165338828737 0.3988781821946986 0.6831636010564491 0.6624086286704596 0.8772876163715227 0.7207418598067498 0.6877841324034318 0.49859176465099536 0.7263870505400402 0.8163830392002723 0.7028097599582159 0.6224061440075714
1.017728668413096 0.8855955511990541 0.9099125569819105 0.41520722654121384 0.5060286462245261 0.47839629094121816 0.5725609271234107 0.7020532808185197 1.362343964015784 0.8371514734429966 0.8986098286166656 0.6137914354848166 1.1815799846944093 1.1757350237844832 0.5383826535308153 0.8658056901131369 0.7530795084560717 1.0391018782687884 1.1261136589840928 0.5456319824898143 0.4994554708415014 0.9119982991639302 0.7142569627856963 0.8827899819869439 0.0 0.7273472844035213 0.8645980518412572 0.5310426819980232 1.1238968788624324 1.0368583446996087 0.6214562706144567 1.1322016138964814 0.663065629076403 1.0288522018821953 0.967779431278799 0.6957778666634169 0.840408374258565 1.0202967733346162 1.042419649176402 0.7508457538715408
0.6317035124635464 0.6632338567389604 0.7929772471115868 0.9719858735389144 0.3846532294396306 0.7775181283986992 0.46436524575302307 0.9289739478462737 0.7828331180781818 0.7115889600505373 0.5168549226542338 0.22914929290421585 0.9847828879527518 1.0689186189806479 0.5506722532349017 0.7406300609541598 0.43281665166605177 0.6560225029086859 0.48515977066697813 1.0098417857833648 0.9434848152161603 0.6033925527617917 0.9160509117784186 0.8638964434224802 0.7273472844035213 0.0 0.9938297388067181 0.6878764360902643 1.0343360736358456 1.0648854601961935 0.9101965173839413 0.6783147852829674 0.33025999258707317 0.7256311337095894 0.6774588924772776 1.0446622936866883 0.7147225745176923 0.7439702525933407 0.745746439223088 0.6930453954496434
0.9508727454625251 0.842544541936148 0.7087202410904139 0.6217713624489339 0.8099015351480848 0.5147337173175693 0.7704885116042332 0.7222153141984675 1.2289655883777029 0.7490065472360049 0.9178946929849736 0.8104760472052323 0.6689240680304287 0.6932252836728279 0.9960685922981646 0.7770410172701515 0.7440008499386616 1.295751151982265 1.10581790926345 0.6791000699388521 0.7918517804357511 0.6910123738900434 0.3694004397231087 0.5633971756542946 0.8645980518412572 0.9938297388067181 0.0 0.9263896996628782 0.6131492346071364 0.5421883170057005 0.9238925886610274 0.8189893329778679 1.0789235974457048 1.0482288488157492 0.6371470024563762 0.4661449512913831 0.7324760682153032 1.1170855870232315 1.1108356272306692 0.5903348444005383
1.0823965229954684 0.7497809739704004 1.1239776849160938 0.628370103925492 0.4932714002099009 0.4390071693618849 0.8282067366897379 0.48397120389502213 1.289450958948843 0.48948391488947507 0.9006380662482282 0.6877586678185551 0.9755847218647916 1.3592345088934348 0.3472336776026765 0.6261624686824935 0.8078422716846339 1.0420790398574633 1.0447800140698675 0.5486922264304516 0.8438233507168548 0.6990904870781381 0.9609390679261282 0.9272152682964168 0.5310426819980232 0.6878764360902643 0.9263896996628782 0.0 1.2838859958548536 0.9213264395127205 1.0045827502138098 0.9439097728861294 0.5073203561019006 0.7298293281170541 1.0669992032589988 0.7945791529101818 0.47288672282038613 0.6788290859056926 0.817302372368059 0.9947254996514732
0.6423970179260937 1.163988205940085 0.7093770645196292 1.0206656799654221 0.9212728991644247 0.9589938657934515 0.7352427004071762 1.0889819235472151 0.9390315425110041 1.0411901304674922 1.0538026225713468 0.835638824155126 0.8108244919857447 0.1068467027249623 1.3139818347563252 0.9401624086447837 0.8594633261308571 1.1113489223867787 0.9379993165616379 1.100216281372981 0.8847653943444228 0.8246226026862143 0.6353502146984055 0.5010165338828737 1.1238968788624324 1.0343360736358456 0.6131492346071364 1.2838859958548536 0.0 0.761361467048143 0.8377984675218636 0.8196569675110933 1.1866768502715936 1.1285317328126572 0.5125752554735877 0.8091273036135973 1.071078859530095 1.2354983698548712 1.1125166275702765 0.4956312809835848
0.8929558905510087 1.1061461966668502 1.1219279142761285 0.7958180204711846 0.7984519593659755 0.6553093750513008 0.9797329055210731 0.5305875215577825 1.0974586217127271 0.5569563320922393 1.1971646881244984 0.9280052375872871 0.35715886459886653 0.8678893891594148 1.1293106522666296 0.46563939064300025 1.016920722487963 1.141326919212101 1.0502407351397158 0.6915901941039717 0.8579608682280114 0.5460372555701434 0.8463383699225878 0.3988781821946986 1.0368583446996087 1.0648854601961935 0.5421883170057005 0.9213264395127205 0.761361467048143 0.0 1.0088799810212241 0.7058177544812079 1.0325971432455576 0.7346139373034958 0.9025782136734987 0.4925420166656273 0.6107547925684393 0.8150998888985083 0.7891583480255228 0.9014318558258102
0.77492618426955 1.2693996242453929 0.951701008962397 0.7014751373617124 0.6609883373463575 0.822835047212819 0.5595789757354773 0.924995532852967 1.2087336715201968 1.0646116855945367 1.1617984685795715 0.723695560913114 1.2003035106348925 0.8688145010952428 1.0619741955686754 0.942006409008801 0.9552581921080302 0.8715315823076294 1.0880655498268366 0.8238567714527275 0.28256404027484755 1.0099926667905135 0.7676214552471169 0.6831636010564491 0.6214562706144567 0.9101965173839413 0.9238925886610274 1.0045827502138098 0.8377984675218636 1.0088799810212241 0.0 1.1701714874715734 0.9009491950736745 1.1048057847199542 0.9301914271031314 0.7125340669584118 1.1182603892062537 1.1479975237285664 1.0331982028708024 0.6519017632311466
0.6097033425896123 0.810061357547241 0.9306017211828563 1.129186851676411 0.6990992571969945 0.866633964289707 0.8262345089637221 0.8935478817624531 0.5686059279109847 0.5560494183149512 0.7951594976100004 0.6548021038466267 0.4365829268398197 0.881631252715434 0.9781190633429725 0.5515495210141997 0.6914096961233948 0.8816110978354991 0.47957600329738614 1.0889769089615122 1.1466017878929107 0.27369279086729326 0.972740902845677 0.6624086286704596 1.1322016138964814 0.6783147852829674 0.8189893329778679 0.9439097728861294 0.8196569675110933 0.7058177544812079 1.1701714874715734 0.0 0.7900325875554243 0.5694055940646277 0.6160537187680609 0.9932636421001635 0.5719816640149324 0.6687102805011869 0.6493407815971681 0.8146225421849024
0.7546156165869443 0.8318717180764998 1.0529225827838817 0.9096596931526345 0.30588668240732875 0.7350067606794449 0.6401292052676046 0.7727545702300233 0.9163091071401508 0.6147934926345711 0.7952701530520538 0.4317472332420186 1.00413016266442 1.2407297679957534 0.504877302733741 0.6247755907346972 0.6993106982262641 0.598107601826194 0.6584670730542119 0.888624081600531 0.8822047128063757 0.6300258694450819 1.0517860238832304 0.8772876163715227 0.663065629076403 0.3302599925870733 1.0789235974457048 0.5073203561019006 1.1866768502715936 1.0325971432455576 0.9009491950736745 0.7900325875554243 0.0 0.5736664902150367 0.9294358420311295 0.9962995043391217 0.6460717351744474 0.5450656657806067 0.5854704367534113 0.8909939642818002
0.7490734265286997 1.054528446053828 1.2797474528391841 1.0593649217047838 0.5754336768929231 0.840631684986033 0.9498615040994578 0.666228239451712 0.7826786924896779 0.41508489034482754 1.0926000417153685 0.7496862498386166 0.6406907159257825 1.2081902366397788 0.9093306393460315 0.301350244568012 0.9698543478964196 0.6842739544238553 0.6795654633003557 0.9372086005751677 1.0372999406221832 0.4254379056382316 1.198716013137589 0.7207418598067498 1.0288522018821953 0.7256311337095894 1.0482288488157492 0.7298293281170541 1.1285317328126572 0.7346139373034958 1.1048057847199542 0.5694055940646277 0.5736664902150366 0.0 1.0241492260771103 0.9573003078656459 0.510866969233374 0.12786733595777855 0.1791447572134837 1.070619823953578
0.597557276842057 0.7316763033268813 0.35282615503973314 0.9968632931727982 0.7386662569392928 0.8353830785551127 0.4969054328810086 1.0667763154851977 0.8095869185187403 0.8931590576374472 0.5593853098652144 0.5253443065310323 0.8216607474068881 0.5207296342287976 0.9805722695299302 0.8932268137724347 0.40079389523915404 1.0210427033945544 0.6729285314998891 1.0917730805643917 0.9751145688996664 0.6569543386273261 0.5616049763519466 0.6877841324034318 0.967779431278799 0.6774588924772776 0.6371470024563762 1.0669992032589988 0.5125752554735877 0.9025782136734987 0.9301914271031314 0.6160537187680609 0.9294358420311295 1.0241492260771103 0.0 0.9318860733186638 0.882613217398207 1.1096159198471263 1.051104044225111 0.3196043941649659
0.9888980003328042 1.0825571208717248 1.0067639370313146 0.3629725573478256 0.7156161130077139 0.42647486631514303 0.8215828242484543 0.45633638730027887 1.3297483513327752 0.7147414952445309 1.161881866499844 0.8639000483082521 0.7907814853603056 0.8998890083198058 0.9858152152986437 0.6652832876874877 0.9630046267426728 1.1894534222557709 1.2085818733946871 0.3487526023610249 0.48154590927572255 0.7727465740764929 0.6057389154543448 0.49859176465099536 0.6957778666634169 1.0446622936866883 0.4661449512913831 0.7945791529101818 0.8091273036135973 0.4925420166656273 0.7125340669584118 0.9932636421001635 0.9962995043391217 0.9573003078656459 0.9318860733186638 0.0 0.7474418774315936 1.001638837666273 0.9832984423058406 0.7708635768122497
0.9313042094770617 0.6834053179644334 1.0562772457579248 0.7845691512928078 0.5609391551249076 0.4866240015546497 0.8702871818049812 0.45279601009966364 1.0489501845479758 0.1164937741490758 0.855989890343355 0.693626459785296 0.5425088505228957 1.157799680631725 0.643267365437881 0.36754011851121293 0.7517929882802176 1.032269556851738 0.8630685589196 0.6713174762240322 0.974036943141339 0.3411750796169102 0.9147520985512763 0.7263870505400402 0.840408374258565 0.7147225745176923 0.7324760682153032 0.47288672282038613 1.071078859530095 0.6107547925684393 1.1182603892062537 0.5719816640149324 0.6460717351744474 0.510866969233374 0.882613217398207 0.7474418774315936 0.0 0.5209209246761347 0.6586092179266596 0.9297480951207051
0.8462068266674136 1.0683760626111647 1.344579192102259 1.07012677837054 0.5949878756038524 0.8538537550171932 0.9989063896824399 0.6646246449796452 0.8810614561521014 0.43273128486015766 1.1243229905699224 0.7905034951328525 0.738002316634729 1.3153462945164351 0.8720063842306451 0.3658069193482313 1.0137769062391473 0.7227081263519964 0.7552512154317135 0.9367721025506235 1.068573944218092 0.5097328276604469 1.2578944691817229 0.8163830392002723 1.0202967733346162 0.7439702525933407 1.1170855870232315 0.6788290859056926 1.2354983698548712 0.8150998888985083 1.1479975237285664 0.6687102805011869 0.5450656657806066 0.12786733595777855 1.1096159198471263 1.001638837666273 0.5209209246761347 0.0 0.24322922196642072 1.1432425270339097
0.6760226555578849 1.1667155814376848 1.310364849117625 1.09502933033319 0.5793493871945573 0.914835205095271 0.9360144175348633 0.7379739226221764 0.7338920293149758 0.5559650852277983 1.162194997147474 0.7578972572562053 0.733938373315573 1.1866880128354533 0.990270808129458 0.38049496668866695 1.0240423678011945 0.5475485153072828 0.6637425437756382 0.9870125490066523 0.9971459288299291 0.5258803575939004 1.2342632941278069 0.7028097599582159 1.042419649176402 0.745746439223088 1.1108356272306692 0.817302372368059 1.1125166275702765 0.7891583480255228 1.0331982028708024 0.6493407815971681 0.5854704367534113 0.1791447572134837 1.051104044225111 0.9832984423058406 0.6586092179266596 0.24322922196642072 0.0 1.0714165545134962
0.6208810913454625 0.8273034131472017 0.336807033411226 0.7920495062560181 0.6481997117164829 0.7242818238167242 0.3073576648478042 0.9826873648143677 0.969548566109393 0.9264593091325032 0.6691095664636808 0.4790571147158963 0.9414548510028721 0.5064779206804596 0.9273203277566462 0.8989425868380311 0.46453456798992676 0.9869290374578846 0.8169701660678623 0.9338927623792899 0.7113855050654264 0.7557515860009729 0.37969941063796675 0.6224061440075714 0.7508457538715408 0.6930453954496434 0.5903348444005383 0.9947254996514732 0.495631280983585 0.9014318558258102 0.6519017632311466 0.8146225421849024 0.8909939642818002 1.070619823953578 0.3196043941649659 0.7708635768122497 0.9297480951207051 1.1432425270339097 1.0714165545134962 0.0
0.0 0.5813797623874449 0.6165576165954583 0.5623687791986708 0.6444146271370433 0.6865446788159765 0.21668305180361977 0.7754714483293598 0.6365825465235866 0.5677016789746399 0.8543989599911822 0.8629116589536259 0.6208389814132702 0.5852813747661664 0.3366661814342493 0.6385797378030882 0.5449002044334493 0.5495119203429177 0.5387169265032765 0.7113403142326287 0.7334686222835575 0.6630098055380399 0.7358063479314078 0.7408576258917186 0.7235355518846244 0.6579486162846883 0.5506982680156489 0.470079085452342 0.5867856385041523 0.5078832827883059 0.7880686310448075 0.6543750698029817 0.7876507595933555 0.7332119182141307 0.7336420697325434 0.35926930691597503 0.5526690749725414 0.7485515909056171 0.5413281993092542 0.7221719565986099
0.5813797623874449 0.0 0.46728920246380723 0.8086667732551729 0.9714862526182041 1.1940983957572437 0.6642477978740564 1.0498326507788842 0.8508786848585832 1.0395512548545203 1.183633475626214 1.106552858109998 0.8772542935018607 0.9190230180326234 0.7813360731290089 0.6910503153848899 0.9210455415256948 1.0045563207749086 0.8107275148844499 0.894145581318539 1.0599618223472151 0.7964924900902371 0.8961842575697245 1.003794555410917 0.8972221325506609 0.6648504247973887 1.0179442691949319 0.9967456421174603 0.8631356067392532 1.0257389674696034 0.947853342174011 1.0123781024341307 0.4525417184794505 0.9551171344391233 0.9732732415747246 0.58781988230534 0.6934272223569181 0.9171435256340419 0.7385189661702392 0.7555597062583451
0.6165576165954583 0.46728920246380723 0.0 0.6171459918252197 0.7390421955724653 1.0583336766767961 0.601284558359196 1.2157012272513057 0.9828582717472872 1.0907561813989637 1.2893262648811668 1.1868930227337708 0.8117178272319494 0.7468941953929186 0.8940269559031112 0.9193567182368616 0.6322638956479761 0.9880655176558594 1.0138984255916612 0.6367147107189047 1.0595040505744868 1.0389007907120351 1.0967792238271992 1.1321277330861759 0.9114877473586819 1.0147422813658262 1.0923327532334508 0.9148885487051384 1.024431727303748 1.088614557538882 0.9393252063477545 0.9584087664746483 0.6924766726190008 1.1059911577428474 0.8247154388270844 0.6386378159281315 0.858906076324146 0.8557623461368892 0.7906335717094054 0.797566222149974
0.5623687791986708 0.8086667732551729 0.6171459918252197 0.0 0.37950669202531795 0.7837901441715169 0.6535601403056636 0.9098552364544634 0.6636400734300851 0.9594917948982766 0.8918587321392687 0.7687538253177848 0.7338476003115741 0.16736834044582619 0.8721821506371894 0.6924926576689949 0.4653837426993369 0.6620074093345931 0.7601334429908798 0.3072353495597315 0.9075922418920267 1.1891206599756887 0.8739627471770325 0.7040279685944737 0.6417870190276277 0.9833807144952146 0.8243191093118741 0.6774372650780907 0.8500389830923382 0.8066182946487278 0.4841385678397302 0.4566916929899529 0.76171631903527 0.7097519624617257 0.2739479749028279 0.7281987540646322 0.8037519767423277 0.3658212529860397 1.0427468053425908 0.508023766776082
0.6444146271370433 0.9714862526182041 0.7390421955724653 0.37950669202531795 0.0 0.8628778391926192 0.6714827374648313 1.155788798034653 0.7117835817822981 0.8226741314120055 1.1286759302927034 1.0601836540482539 0.989616645611647 0.2971247696201244 0.9230317546085224 0.8932027606257761 0.5179408378778465 0.5036153640130306 0.9571525856877343 0.6212743621515084 0.6622440967150138 1.3021785515347084 0.8749779538226409 0.8916201948040546 0.5402482291039795 1.0721094808565483 0.7326281191328907 0.7662479860512103 0.7884658137741876 0.7544867729937684 0.5989867760915019 0.7223835908173171 1.0180763217372808 0.90643016336789 0.3697010117001629 0.9145288963518288 0.7479583668044791 0.5249318839471964 1.0472356428004315 0.8640809083337851
0.6865446788159765 1.1940983957572437 1.0583336766767961 0.7837901441715169 0.8628778391926192 0.0 0.6487733187673347 0.8625448007706369 1.097638695010608 0.879283701513563 0.8210716677651234 0.8970574380338822 0.5393283685894654 0.7508723381317989 0.6909457220577844 1.1213318677037634 0.5095235847736922 0.8537139717490937 0.8691272092447181 0.7614914164743398 1.1502019730153976 1.012172439256696 1.2545902308667622 0.9872365682119165 1.1949561942565083 1.2601336718429186 0.8738052517624534 0.22495108368072045 1.108337396417181 0.7437319567098469 1.1255733387515832 0.6205407329515795 1.3175781736906338 1.0271593542857078 0.9554003583647603 0.680753670828341 1.168788456501137 1.0512500457081195 0.9281905762746152 0.9958188829502801
0.21668305180361977 0.6642477978740564 0.601284558359196 0.6535601403056636 0.6714827374648313 0.6487733187673347 0.0 0.9433891532191347 0.8274049829807666 0.5750006429769396 1.0133192529530755 1.033922290696588 0.6355284196089249 0.6761849807320792 0.3557661829991624 0.8525332966225551 0.47291805166658885 0.6373274747566364 0.7379790238865294 0.7596349962713824 0.7720151317342873 0.6718983550207267 0.9151326308259107 0.9429358038998017 0.8556560165623364 0.8344564227431772 0.6529650957498325 0.45781849272190384 0.7291251860096151 0.6027027414771621 0.9544367218913796 0.7847560892290013 0.9448293685445057 0.9413422072626847 0.8473517261108502 0.37729393128382654 0.6807555769632309 0.9002387173262306 0.4072753953747468 0.888429884970182
0.7754714483293598 1.0498326507788842 1.2157012272513057 0.9098552364544634 1.155788798034653 0.8625448007706369 0.9433891532191347 0.0 0.807053474851098 1.054550838316121 0.20542706455854062 0.3386970040249423 0.72905277051002 0.9132802009252272 0.7800051987349536 0.6350737021285959 1.0480029243367268 0.9648636621756342 0.3256393319620467 0.9658808614645745 1.2762825553781996 0.9234352642791259 0.9298643215981184 0.4803188812764851 1.113137462176625 0.8443063716627852 0.8788968868810739 0.7431312882828729 0.9466351371460422 0.7872275266424448 0.9295582970454934 0.5560909659955141 0.9613434212090719 0.49150906395366906 0.9991233721905193 0.7616033958752793 1.042216186085144 0.92808461011561 1.1688585453049902 0.6647204118118497
0.6365825465235866 0.8508786848585832 0.9828582717472872 0.6636400734300851 0.7117835817822981 1.097638695010608 0.8274049829807666 0.807053474851098 0.0 0.7654913594108855 0.8374800919064967 0.7942919758195767 1.0890975524267583 0.61696851896717 0.8306572820575564 0.3517016205769548 0.9791653355471526 0.4809893193338682 0.5333009031666196 0.9370728890340018 0.6607250835558728 1.1222731485563213 0.23585891228147024 0.41741492448889206 0.3494756941214931 0.5263604993785669 0.514859309057756 0.9173399689413833 0.3639764041509702 0.5846992512324612 0.3920120308906249 0.7168044126705128 0.755697911828971 0.3942175889763437 0.5842376310934803 0.9243492038832507 0.4242427033346221 0.47498246650968295 1.1142483297383265 0.7043401701443703
0.5677016789746399 1.0395512548545203 1.0907561813989637 0.9594917948982766 0.8226741314120055 0.879283701513563 0.5750006429769395 1.054550838316121 0.7654913594108855 0.0 1.099244037155687 1.1972510497084647 1.0881416662090178 0.8850006337298401 0.494291853142513 0.9550701419392744 0.8920987572739216 0.42860581756473853 0.8172247994903113 1.1754407408625298 0.4667754562696293 0.8667529472135164 0.7519959901277158 0.9575967386844303 0.8069696523899703 0.804591153001 0.2991425061986372 0.7109755783499547 0.488714167670211 0.3175482842120931 1.0351849258408334 0.9986737938763692 1.25378522438308 0.9703796633082088 1.0090902372486075 0.8536637607617148 0.5936814346646384 1.0439410468342771 0.7104884336890148 1.1994830173059994
0.8543989599911822 1.183633475626214 1.2893262648811668 0.8918587321392687 1.1286759302927034 0.8210716677651234 1.0133192529530755 0.20542706455854062 0.8374800919064967 1.099244037155687 0.0 0.25642252154543527 0.7772818880859323 0.8718744910173131 0.8829194928852144 0.7218512145054363 1.0398937219740776 0.9588459354338748 0.4507281379345858 0.9426942926452372 1.3008292135538662 1.0867029344646328 0.987855295014843 0.463432082767953 1.1269165280997762 0.983079426308003 0.9009048389132579 0.7423464896158307 1.0089548250532365 0.8044254547920942 0.9050117854044195 0.47482230375586065 1.068635561915078 0.5016113877038163 0.952775807773947 0.8719780628793498 1.1221948246452416 0.8987712254920944 1.283690344509564 0.6947004123342899
0.8629116589536259 1.106552858109998 1.1868930227337708 0.7687538253177848 1.0601836540482539 0.8970574380338822 1.033922290696588 0.3386970040249423 0.7942919758195767 1.1972510497084647 0.25642252154543527 0.0 0.7651656292321799 0.7765207495319646 0.9785468135045285 0.6346460741244342 1.0021286409213352 0.9874138663235341 0.4967281010127895 0.7992458804888817 1.3235374791051893 1.1801168072338073 0.9769103292843012 0.41302341897318556 1.0586589737563539 0.9923303434803139 0.9822423972542563 0.8151450184520043 1.0389720749517852 0.9085649839739973 0.7668204501090016 0.3856192493338881 0.9152781651430384 0.43650358495228286 0.821940943091533 0.8797371988495332 1.1121128716339084 0.7485095236774765 1.3368914769464835 0.4896211088063923
0.6208389814132702 0.8772542935018607 0.8117178272319494 0.7338476003115741 0.989616645611647 0.5393283685894653 0.6355284196089249 0.72905277051002 1.0890975524267583 1.0881416662090178 0.7772818880859323 0.7651656292321799 0.0 0.8098913608555381 0.6932346609635062 0.9508159143425191 0.5864154740359313 1.0508691459387463 0.7502828638776468 0.60746025517015 1.319686973234975 0.8241392521554205 1.2477028785168018 0.949888814714291 1.2278200355140303 1.1210717721434427 1.0580081532940722 0.47450397251930615 1.1605427257797205 0.9501410814189214 1.0963586097982092 0.611030493258708 0.9803827173438087 0.9564065704716748 0.9805848822561245 0.37750531410071964 1.149499185984631 1.0123029113443875 0.8519898539394662 0.7157077819841874
0.5852813747661664 0.9190230180326234 0.7468941953929186 0.16736834044582619 0.2971247696201244 0.7508723381317989 0.6761849807320792 0.9132802009252272 0.61696851896717 0.8850006337298401 0.8718744910173131 0.7765207495319646 0.8098913608555381 0.0 0.8705073147201371 0.7196973666592889 0.4922327845297249 0.5481263033888236 0.7617321398907392 0.4310788544103112 0.8212061836106993 1.2302477124851336 0.8299416703140684 0.6669914310348032 0.5857830512033508 0.9970410081989819 0.7309278717797184 0.6541882151457701 0.7944348479348685 0.7174292658524188 0.4510222579821419 0.4415480830231779 0.878946813761964 0.6864240389411712 0.21224886053118547 0.8026263023636505 0.7849115981391411 0.3500558748123719 1.0787028501669549 0.6088264933633134
0.3366661814342493 0.7813360731290089 0.8940269559031112 0.8721821506371894 0.9230317546085224 0.6909457220577844 0.3557661829991624 0.7800051987349536 0.8306572820575564 0.494291853142513 0.8829194928852144 0.9785468135045285 0.6932346609635063 0.8705073147201371 0.0 0.8264706509602667 0.7541587953662706 0.689633068197787 0.5918599112809892 0.9875635661785789 0.8492222054747116 0.43812728054506206 0.871917167449021 0.8814615777842745 0.9733829471440324 0.7157694666280985 0.5731360390863772 0.48303514223369776 0.6791457919398471 0.4884069803309776 1.0635514890305025 0.8346783629320563 1.0335405408920892 0.8811554320980066 1.0312596001243792 0.42183215643234956 0.7126672185501572 1.0418306266991049 0.44154709105805995 0.9682746770227564
0.6385797378030882 0.6910503153848899 0.9193567182368616 0.6924926576689949 0.8932027606257761 1.1213318677037634 0.8525332966225551 0.6350737021285959 0.351701620576955 0.9550701419392745 0.7218512145054363 0.6346460741244342 0.9508159143425191 0.7196973666592889 0.8264706509602667 0.0 1.0163879553246409 0.7541239621292497 0.3852429887586069 0.8824667694068058 0.9502961713462469 1.0062784524061663 0.46401216734707845 0.3770256645648421 0.6277211206485311 0.4522418001032905 0.7443971553820281 0.9339531598310724 0.5959866797364403 0.7613988391129823 0.5113247370902337 0.6772256599648141 0.5013335243318656 0.3090750066068518 0.7047538917723916 0.800648133032258 0.5927872812200139 0.5570631787647895 1.1018303533249694 0.48539369607945043
0.5449002044334493 0.9210455415256948 0.6322638956479761 0.4653837426993369 0.5179408378778465 0.5095235847736922 0.47291805166658885 1.0480029243367268 0.9791653355471526 0.8920987572739216 1.0398937219740776 1.0021286409213352 0.5864154740359313 0.4922327845297249 0.7541587953662706 1.0163879553246409 0.0 0.7658797663530635 0.9339811188301336 0.44992295319077424 0.9817797221975457 1.075398792794224 1.148565287063182 1.0104839701699373 0.9510283978132101 1.1783144299775652 0.8907498959151671 0.46047144097368786 1.0173673327361747 0.8274242932893141 0.9195682604081733 0.6489477334543581 1.065663760179451 1.027864514670754 0.6876786340991419 0.6122225336791347 0.9805841484740878 0.8159659025928894 0.827351638747128 0.844311470451779
0.5495119203429177 1.0045563207749086 0.9880655176558594 0.6620074093345931 0.5036153640130306 0.8537139717490937 0.6373274747566364 0.9648636621756342 0.4809893193338682 0.42860581756473853 0.9588459354338748 0.9874138663235341 1.0508691459387463 0.5481263033888236 0.689633068197787 0.7541239621292496 0.7658797663530635 0.0 0.725487060428421 0.9328233831140335 0.3721563451455547 1.0983868882066328 0.5643823745617252 0.7031093500896256 0.4701779653634187 0.7965456710614605 0.24846898804802606 0.7016455389748713 0.4007007431637682 0.3220310420864937 0.6547432355847755 0.7501266899769324 1.0811689718441146 0.7242313698136076 0.6253583354163766 0.8938369719574955 0.5061837393470868 0.667648044662538 0.9487541730426159 0.9561513331114864
0.5387169265032765 0.8107275148844499 1.0138984255916612 0.7601334429908798 0.9571525856877343 0.8691272092447181 0.7379790238865294 0.3256393319620467 0.5333009031666196 0.8172247994903113 0.4507281379345858 0.4967281010127895 0.7502828638776468 0.7617321398907392 0.5918599112809892 0.3852429887586069 0.9339811188301336 0.725487060428421 0.0 0.8983376021856582 0.9934976778506678 0.7867922069215065 0.6349436510644083 0.36625229997141784 0.8378165970228721 0.5419433398445455 0.6356767038963508 0.6867790139867551 0.6402631634060038 0.5796131121515492 0.741219941204026 0.5602549247800028 0.7684295470740635 0.35015673780884227 0.8382299055914512 0.6355242966664958 0.7200997293983199 0.7555962259543443 0.9677184069695776 0.5954817602191229
0.7113403142326287 0.894145581318539 0.6367147107189047 0.3072353495597315 0.6212743621515084 0.7614914164743398 0.7596349962713824 0.9658808614645745 0.9370728890340018 1.1754407408625298 0.9426942926452372 0.7992458804888817 0.60746025517015 0.4310788544103112 0.9875635661785789 0.8824667694068058 0.44992295319077424 0.9328233831140335 0.8983376021856582 0.0 1.1870994717989987 1.2482817095526455 1.148690474530029 0.8841126676507426 0.9448819435583943 1.1900463462367576 1.071405968398302 0.7115181950751919 1.121233423910179 1.0223621097360192 0.7411545740356034 0.5045947657343397 0.847761343635259 0.8912109003599139 0.5337995765455439 0.7296953811031912 1.068497238239633 0.6146276527805826 1.1185797143964409 0.5320983102550009
0.7334686222835575 1.0599618223472151 1.0595040505744868 0.9075922418920267 0.6622440967150138 1.1502019730153976 0.7720151317342874 1.2762825553781996 0.6607250835558728 0.4667754562696293 1.3008292135538662 1.3235374791051893 1.319686973234975 0.8212061836106993 0.8492222054747116 0.9502961713462468 0.9817797221975457 0.3721563451455547 0.9934976778506678 1.1870994717989987 0.0 1.2037233032989756 0.6291738107380571 1.0020828856431252 0.5098419846841244 0.8540859921953087 0.4553187287453987 0.9890696763378442 0.4325804832202295 0.5823182692752882 0.8654580172679017 1.0979361312839528 1.2051177765614747 1.0050770680652092 0.8603646249934331 1.0862663082274735 0.4555384768351825 0.8940296520298686 0.9746162670335118 1.217160601352103
0.6630098055380399 0.7964924900902371 1.0389007907120351 1.1891206599756887 1.3021785515347084 1.012172439256696 0.6718983550207267 0.9234352642791259 1.1222731485563213 0.8667529472135164 1.0867029344646328 1.1801168072338073 0.8241392521554206 1.2302477124851336 0.43812728054506206 1.0062784524061663 1.075398792794224 1.0983868882066328 0.7867922069215065 1.2482817095526455 1.2037233032989756 0.0 1.1228441513100305 1.143270783264978 1.2952856116171232 0.8045304976444896 0.9592348827981984 0.831287493195818 0.9740358267747204 0.891329553377691 1.3702707893503592 1.1376687543241404 1.0996119792341754 1.1235781054677854 1.3753515668476435 0.5290811737947108 0.964040020944248 1.3525085192868391 0.4907565401059185 1.1454228462241494
0.7358063479314078 0.8961842575697245 1.0967792238271992 0.8739627471770325 0.8749779538226409 1.2545902308667622 0.9151326308259107 0.9298643215981184 0.23585891228147024 0.7519959901277158 0.987855295014843 0.9769103292843012 1.2477028785168018 0.8299416703140684 0.871917167449021 0.46401216734707834 1.148565287063182 0.5643823745617252 0.6349436510644083 1.148690474530029 0.6291738107380571 1.1228441513100305 0.0 0.5874847999918088 0.42925250833096673 0.42648713526306187 0.53181829673216 1.0600437054151954 0.2711923878683884 0.6350598528086002 0.6016560317619517 0.932844370524342 0.8472134235931782 0.556403294076678 0.800764871404787 1.0292581762819075 0.3529727623723461 0.6944176792505115 1.132373662653743 0.8982768383356254
0.7408576258917186 1.003794555410917 1.1321277330861759 0.7040279685944737 0.8916201948040546 0.9872365682119165 0.9429358038998017 0.4803188812764851 0.41741492448889206 0.9575967386844303 0.463432082767953 0.41302341897318556 0.949888814714291 0.6669914310348032 0.8814615777842745 0.37702566456484227 1.0104839701699373 0.7031093500896256 0.36625229997141784 0.8841126676507426 1.0020828856431252 1.143270783264978 0.5874847999918088 0.0 0.7229528236242331 0.7149884849854109 0.6927036117494746 0.8460840566611885 0.6897589196047569 0.6740584098531716 0.5085565353345894 0.49120162618853613 0.826405332372791 0.07537396448030209 0.6668161645288632 0.9106905120862253 0.790432841835176 0.5537935556718462 1.2499838089806463 0.5570492281325997
0.7235355518846244 0.8972221325506609 0.9114877473586819 0.6417870190276277 0.5402482291039795 1.1949561942565083 0.8556560165623364 1.113137462176625 0.3494756941214931 0.8069696523899705 1.1269165280997762 1.0586589737563539 1.2278200355140303 0.5857830512033508 0.9733829471440324 0.627721120648531 0.9510283978132101 0.4701779653634187 0.8378165970228721 0.9448819435583943 0.5098419846841242 1.2952856116171232 0.42925250833096673 0.7229528236242331 0.0 0.7428568017618039 0.6228736569131524 1.0295828025214615 0.4678583833163445 0.7256659069246321 0.41006164860446853 0.8792861909689521 0.853094046311053 0.7089526330449081 0.5110194466418356 1.0498333812384082 0.4198737713964778 0.46711889065183315 1.153222033419797 0.8635440873083438
0.6579486162846883 0.6648504247973887 1.0147422813658262 0.9833807144952146 1.0721094808565483 1.2601336718429186 0.8344564227431772 0.8443063716627852 0.5263604993785669 0.8045911530009998 0.983079426308003 0.9923303434803139 1.1210717721434427 0.9970410081989819 0.7157694666280985 0.4522418001032904 1.1783144299775652 0.7965456710614605 0.5419433398445455 1.1900463462367576 0.8540859921953088 0.8045304976444896 0.42648713526306187 0.7149884849854109 0.7428568017618039 0.0 0.6892494219464955 1.040873399187845 0.4555793779714812 0.7361750492579644 0.8580997805655564 1.0090730217957344 0.7145759200513381 0.6633306731296279 1.021779270651596 0.838073180830827 0.43846411212874387 0.9124507353730955 0.9296638118036014 0.884133715244284
0.5506982680156489 1.0179442691949319 1.0923327532334508 0.8243191093118741 0.7326281191328907 0.8738052517624534 0.6529650957498325 0.8788968868810739 0.514859309057756 0.2991425061986372 0.9009048389132579 0.9822423972542563 1.0580081532940722 0.7309278717797184 0.5731360390863772 0.744397155382028 0.8907498959151671 0.24846898804802606 0.6356767038963508 1.071405968398302 0.4553187287453987 0.9592348827981984 0.53181829673216 0.6927036117494746 0.6228736569131524 0.6892494219464955 0.0 0.7016938871192663 0.3235974600169093 0.15241328748127617 0.7974834994597242 0.8156834977310734 1.1217002761762478 0.7107568789647264 0.8206415143173152 0.8685087041059039 0.5048263651850405 0.8267964176452114 0.8913619746497408 1.0189170298052628
0.470079085452342 0.9967456421174603 0.9148885487051384 0.6774372650780907 0.7662479860512103 0.22495108368072045 0.45781849272190384 0.7431312882828729 0.9173399689413833 0.7109755783499547 0.7423464896158307 0.8151450184520043 0.47450397251930626 0.6541882151457701 0.48303514223369776 0.9339531598310724 0.46047144097368786 0.7016455389748713 0.6867790139867551 0.7115181950751919 0.9890696763378442 0.831287493195818 1.0600437054151954 0.8460840566611885 1.0295828025214615 1.040873399187845 0.7016938871192663 0.0 0.9086531310495538 0.5755768002437961 0.9921818132081688 0.5513298063485702 1.1390630013383407 0.8759618179483967 0.857098296051543 0.5033001672467861 0.9607711618508606 0.9289018843973634 0.7569827146054413 0.8698751825785082
0.5867856385041523 0.8631356067392532 1.024431727303748 0.8500389830923382 0.7884658137741876 1.108337396417181 0.7291251860096151 0.9466351371460422 0.3639764041509702 0.488714167670211 1.0089548250532365 1.0389720749517852 1.1605427257797205 0.7944348479348685 0.6791457919398471 0.5959866797364402 1.0173673327361747 0.4007007431637682 0.6402631634060038 1.121233423910179 0.4325804832202295 0.9740358267747204 0.2711923878683884 0.6897589196047569 0.4678583833163445 0.4555793779714812 0.3235974600169093 0.9086531310495538 0.0 0.44382558624756385 0.71829525019506 0.92565505479607 0.9421379855372835 0.6752363413146503 0.8255045420367171 0.9110594136051791 0.2360170176014471 0.775933817491646 0.9241968819275306 0.9728771348983479
0.5078832827883059 1.0257389674696034 1.088614557538882 0.8066182946487278 0.7544867729937684 0.7437319567098469 0.6027027414771621 0.7872275266424448 0.5846992512324612 0.3175482842120931 0.8044254547920942 0.9085649839739973 0.9501410814189214 0.7174292658524188 0.4884069803309776 0.7613988391129823 0.8274242932893141 0.3220310420864937 0.5796131121515492 1.0223621097360192 0.5823182692752882 0.891329553377691 0.6350598528086002 0.6740584098531716 0.7256659069246321 0.7361750492579644 0.15241328748127617 0.5755768002437961 0.44382558624756385 0.0 0.8395236960914424 0.7385007631858005 1.1364391667313483 0.6999327955215802 0.8368192805352735 0.7890541951435401 0.6078343601769328 0.8529293385611754 0.8503751889097445 0.9869288964947365
0.7880686310448075 0.947853342174011 0.9393252063477545 0.4841385678397302 0.5989867760915019 1.1255733387515832 0.9544367218913796 0.9295582970454934 0.3920120308906249 1.0351849258408334 0.9050117854044195 0.7668204501090016 1.0963586097982092 0.4510222579821419 1.0635514890305025 0.5113247370902337 0.9195682604081733 0.6547432355847755 0.741219941204026 0.7411545740356034 0.8654580172679018 1.3702707893503592 0.6016560317619517 0.5085565353345894 0.41006164860446853 0.8580997805655564 0.7974834994597242 0.9921818132081688 0.71829525019506 0.8395236960914424 0.0 0.630721389180301 0.7418796854625607 0.5002071627103993 0.3009400480028282 1.0308987752984933 0.7113086376691422 0.1332691539130557 1.308502773349774 0.5753087793837729
0.6543750698029817 1.0123781024341307 0.9584087664746483 0.4566916929899529 0.7223835908173172 0.6205407329515794 0.7847560892290013 0.5560909659955141 0.7168044126705128 0.9986737938763691 0.47482230375586076 0.3856192493338881 0.611030493258708 0.4415480830231779 0.8346783629320564 0.6772256599648141 0.6489477334543581 0.7501266899769324 0.5602549247800028 0.5045947657343397 1.0979361312839528 1.1376687543241404 0.932844370524342 0.49120162618853613 0.8792861909689521 1.0090730217957344 0.8156834977310733 0.5513298063485702 0.9256550547960699 0.7385007631858005 0.630721389180301 0.0 0.9152322943734076 0.529011654002023 0.5504289391792478 0.7330444145455303 0.9778099028884621 0.564270544977942 1.1511768106944131 0.4781386497654731
0.7876507595933555 0.4525417184794505 0.6924766726190008 0.76171631903527 1.0180763217372808 1.3175781736906338 0.9448293685445057 0.9613434212090719 0.755697911828971 1.25378522438308 1.068635561915078 0.9152781651430384 0.9803827173438087 0.878946813761964 1.0335405408920892 0.5013335243318656 1.065663760179451 1.0811689718441146 0.7684295470740635 0.847761343635259 1.2051177765614747 1.0996119792341754 0.8472134235931783 0.826405332372791 0.853094046311053 0.714575920051338 1.1217002761762478 1.1390630013383407 0.9421379855372833 1.1364391667313483 0.7418796854625607 0.9152322943734076 0.0 0.7648547015915544 0.8529891045642827 0.8240341958080571 0.8117989854019124 0.727776685856882 1.1353647181801563 0.5005073648822166
0.7332119182141307 0.9551171344391233 1.1059911577428474 0.7097519624617257 0.90643016336789 1.0271593542857078 0.9413422072626847 0.49150906395366906 0.3942175889763437 0.9703796633082088 0.5016113877038163 0.43650358495228286 0.9564065704716748 0.6864240389411712 0.8811554320980066 0.3090750066068518 1.027864514670754 0.7242313698136076 0.35015673780884227 0.8912109003599139 1.0050770680652092 1.1235781054677854 0.556403294076678 0.07537396448030209 0.7089526330449081 0.6633306731296279 0.7107568789647264 0.8759618179483967 0.6752363413146503 0.6999327955215802 0.5002071627103993 0.529011654002023 0.7648547015915544 0.0 0.6784801918867234 0.8988464207808872 0.7612988311837106 0.5504286308211002 1.2374619556518645 0.5299827947588924
0.7336420697325434 0.9732732415747246 0.8247154388270844 0.2739479749028279 0.3697010117001629 0.9554003583647603 0.8473517261108502 0.9991233721905193 0.5842376310934803 1.0090902372486075 0.952775807773947 0.821940943091533 0.9805848822561245 0.21224886053118547 1.0312596001243792 0.7047538917723916 0.6876786340991419 0.6253583354163766 0.8382299055914512 0.5337995765455439 0.8603646249934331 1.3753515668476435 0.800764871404787 0.6668161645288632 0.5110194466418356 1.021779270651596 0.8206415143173152 0.857098296051543 0.8255045420367171 0.8368192805352735 0.3009400480028282 0.5504289391792478 0.8529891045642827 0.6784801918867234 0.0 0.9628573638818846 0.8046080416949959 0.1937385088260728 1.2371403614296723 0.6139447459989588
0.35926930691597503 0.58781988230534 0.6386378159281315 0.7281987540646322 0.9145288963518288 0.680753670828341 0.37729393128382654 0.7616033958752793 0.9243492038832507 0.8536637607617148 0.8719780628793498 0.8797371988495332 0.37750531410071964 0.8026263023636505 0.42183215643234956 0.800648133032258 0.6122225336791347 0.8938369719574955 0.6355242966664958 0.7296953811031912 1.0862663082274735 0.5290811737947108 1.0292581762819075 0.9106905120862253 1.0498333812384082 0.838073180830827 0.8685087041059039 0.5033001672467861 0.9110594136051791 0.7890541951435401 1.0308987752984933 0.7330444145455303 0.8240341958080571 0.8988464207808872 0.9628573638818846 0.0 0.8671170769569113 0.9713175161711106 0.5266533506165427 0.7438896780033264
0.5526690749725414 0.6934272223569181 0.858906076324146 0.8037519767423277 0.7479583668044791 1.168788456501137 0.6807555769632309 1.042216186085144 0.4242427033346221 0.5936814346646386 1.1221948246452416 1.1121128716339084 1.149499185984631 0.7849115981391411 0.7126672185501572 0.5927872812200138 0.9805841484740878 0.5061837393470868 0.7200997293983199 1.068497238239633 0.4555384768351827 0.964040020944248 0.3529727623723461 0.790432841835176 0.4198737713964778 0.43846411212874387 0.5048263651850403 0.9607711618508606 0.23601701760144664 0.6078343601769328 0.7113086376691422 0.9778099028884621 0.8117989854019125 0.7612988311837106 0.8046080416949959 0.8671170769569113 0.0 0.7533837772435559 0.8558908211185061 0.9377977275664289
0.7485515909056171 0.9171435256340419 0.8557623461368892 0.3658212529860397 0.5249318839471964 1.0512500457081195 0.9002387173262306 0.92808461011561 0.47498246650968295 1.0439410468342771 0.8987712254920944 0.7485095236774765 1.0123029113443875 0.3500558748123719 1.0418306266991049 0.5570631787647895 0.8159659025928894 0.667648044662538 0.7555962259543443 0.6146276527805826 0.8940296520298686 1.3525085192868391 0.6944176792505115 0.5537935556718462 0.46711889065183315 0.9124507353730955 0.8267964176452114 0.9289018843973634 0.775933817491646 0.8529293385611754 0.1332691539130557 0.564270544977942 0.727776685856882 0.5504286308211002 0.1937385088260728 0.9713175161711106 0.7533837772435559 0.0 1.2689367193566143 0.5177123272955106
0.5413281993092542 0.7385189661702392 0.7906335717094054 1.0427468053425908 1.0472356428004315 0.9281905762746152 0.4072753953747468 1.1688585453049902 1.1142483297383265 0.7104884336890148 1.283690344509564 1.3368914769464835 0.8519898539394662 1.0787028501669549 0.44154709105805995 1.1018303533249694 0.827351638747128 0.9487541730426159 0.9677184069695776 1.1185797143964409 0.9746162670335118 0.4907565401059185 1.132373662653743 1.2499838089806463 1.153222033419797 0.9296638118036014 0.8913619746497408 0.7569827146054413 0.9241968819275306 0.8503751889097445 1.308502773349774 1.1511768106944131 1.1353647181801563 1.2374619556518645 1.2371403614296723 0.5266533506165427 0.8558908211185061 1.2689367193566143 0.0 1.1961127575584443
0.7221719565986099 0.7555597062583451 0.797566222149974 0.5080237667760819 0.8640809083337851 0.9958188829502801 0.888429884970182 0.6647204118118497 0.7043401701443703 1.1994830173059994 0.6947004123342899 0.4896211088063922 0.7157077819841874 0.6088264933633134 0.9682746770227564 0.4853936960794505 0.844311470451779 0.9561513331114864 0.5954817602191228 0.5320983102550009 1.217160601352103 1.1454228462241494 0.8982768383356254 0.5570492281325996 0.8635440873083438 0.884133715244284 1.0189170298052628 0.8698751825785082 0.9728771348983479 0.9869288964947365 0.5753087793837729 0.47813864976547304 0.5005073648822166 0.5299827947588924 0.6139447459989588 0.7438896780033264 0.9377977275664289 0.5177123272955108 1.1961127575584443 0.0
